%nprocshared=64
%mem=320GB
%chk=DPRhaC12C12.chk
# opt=loose freq apfd/6-311+g(2d,p) scrf=(solvent=water) scf=xqc

DPRhaC12C12

-1 1
 C                 -1.78929183    0.40787445   -4.22077947
 C                 -0.95008368   -0.16429903   -3.02347975
 C                  0.13569537    0.76228055   -2.72738926
 O                 -0.60390190    2.03322496   -2.24625477
 C                 -2.00484341    2.38737051   -2.83869278
 C                 -1.90979288    1.96736706   -4.19026762
 C                 -2.19394337    3.91248587   -2.78600232
 O                 -2.97868367    2.35626088   -5.05165886
 O                  1.08391527    0.22986602   -1.68493247
 O                 -1.23090892    0.16709204   -5.50780378
 O                 -0.57247983   -1.50371421   -3.35091059
 C                  0.60618998   -0.30479548   -0.35115250
 C                  1.82621004   -0.88716644    0.40018784
 C                  0.11502424    0.76876046    0.71708551
 C                  2.65185869   -1.97389950   -0.22276675
 O                  3.90227552   -2.52199361    0.38562103
 O                  2.32621973   -2.38125068   -1.34266476
 C                  4.88074781   -3.56907985   -0.21880026
 C                 -1.11247338    1.63589338    0.42048452
 C                 -1.33644581    2.57112835    1.63566592
 C                 -2.55960530    3.47775684    1.40963761
 C                 -2.76418618    4.40167989    2.63340344
 C                 -3.99337388    5.30287674    2.39008917
 C                 -4.21301087    6.23152270    3.60055767
 C                  5.94269512   -3.85774664    0.87652831
 C                  6.60254431   -2.61563228    1.39657578
 O                  7.63214203   -2.72971379    2.33156141
 O                  6.28805818   -1.50562747    0.95649386
 C                  4.35843029   -5.03469734   -0.57597251
 C                  3.27382648   -5.01839359   -1.66321321
 C                  2.73236875   -6.39076752   -2.05007074
 C                  1.67493957   -6.11673120   -3.13922548
 C                  1.02929541   -7.41191244   -3.63906407
 C                 -0.00857843   -7.04773876   -4.71882934
 C                 -0.68185280   -8.32382416   -5.24847512
 H                 -0.13254197   -1.10212514   -0.50101108
 H                  5.40579110   -3.15574343   -1.09256025
 H                 -2.79006697   -0.02262278   -4.18581879
 H                 -1.60073536   -0.20546335   -2.14994862
 H                  0.68576489    0.98421016   -3.64186676
 H                 -2.80505919    1.86641934   -2.31298894
 H                 -0.98757574    2.37871557   -4.60064362
 H                 -3.16925450    4.17260801   -3.19722794
 H                 -1.41242956    4.39646868   -3.37180127
 H                 -2.13437873    4.25097697   -1.75157356
 H                 -3.88168358    1.96052722   -4.69034708
 H                 -0.28019902    0.60909106   -5.56566461
 H                 -1.28132746   -2.12120910   -3.61624900
 H                  2.50121541   -0.05363777    0.59434454
 H                  1.45280846   -1.28079179    1.34556092
 H                 -0.09947567    0.22319874    1.63602589
 H                  0.94893080    1.45035296    0.88480946
 H                 -0.93886833    2.22948165   -0.47707571
 H                 -1.98727482    1.00232713    0.27414152
 H                 -1.50050146    1.96557537    2.52700818
 H                 -0.45209457    3.19272917    1.77579137
 H                 -2.39830637    4.08682494    0.52018995
 H                 -3.44671359    2.85967011    1.27140601
 H                 -2.92764233    3.79536470    3.52433762
 H                 -1.87923500    5.02251880    2.77312250
 H                 -3.82760519    5.90626202    1.49759417
 H                 -4.87601311    4.67910655    2.24880935
 H                 -3.33212258    6.85743310    3.74351515
 H                 -4.38021983    5.63064027    4.49450830
 H                  5.45414406   -4.36532557    1.70826231
 H                  6.70945891   -4.50700046    0.45386878
 H                  5.20015882   -5.63007003   -0.92969959
 H                  3.94484507   -5.48839773    0.32469480
 H                  2.44090814   -4.41546127   -1.30152351
 H                  3.69622276   -4.55713537   -2.55591810
 H                  3.53122726   -7.01974040   -2.44290443
 H                  2.27591215   -6.87806691   -1.18851040
 H                  0.89951893   -5.47256362   -2.72465408
 H                  2.15483332   -5.61423678   -3.97904784
 H                  1.79199773   -8.06345809   -4.06553118
 H                  0.53668303   -7.92178425   -2.81113678
 H                 -0.76509694   -6.39282051   -4.28655542
 H                  0.49021780   -6.53449311   -5.54094940
 H                 -1.18226489   -8.83848804   -4.42818676
 H                  0.07267854   -8.98011930   -5.68220991
 C                 -5.44112709    7.12530843    3.34663330
 H                 -6.30625414    6.51138434    3.20680345
 H                 -5.27726708    7.71580920    2.46950233
 C                 -5.65994255    8.05280590    4.55637221
 H                 -6.50606172    8.68212302    4.37487204
 H                 -5.83569245    7.46241184    5.43127039
 H                 -4.79010750    8.65831265    4.70350672
 C                 -1.71648049   -7.94983448   -6.32610087
 H                 -2.45773470   -7.30603961   -5.90069476
 H                 -1.22567235   -7.44508855   -7.13185451
 C                 -2.39065259   -9.22888494   -6.85631016
 H                 -3.13179538   -8.96676851   -7.58219055
 H                 -1.65402526   -9.85850350   -7.31002884
 H                 -2.85455523   -9.75007335   -6.04510304

