%nprocshared=64
%mem=320GB
%chk=DPRhaC14C14.chk
# opt=loose freq apfd/6-311+g(2d,p) scrf=(solvent=water) scf=xqc

DPRhaC14C14

-1 1
 C                 -1.91887803    0.38538187   -4.06198256
 C                 -1.06752701   -0.20093703   -2.88019959
 C                  0.00553973    0.73466526   -2.56665279
 O                 -0.75100201    1.98357224   -2.05511573
 C                 -2.15887995    2.33021215   -2.63542552
 C                 -2.06206885    1.94186904   -3.99631100
 C                 -2.37008764    3.85083245   -2.54814911
 O                 -3.13931093    2.33411517   -4.84569505
 O                  0.96480832    0.19314259   -1.53910264
 O                 -1.36119825    0.18156399   -5.35567912
 O                 -0.67144002   -1.52703269   -3.23854861
 C                  0.49926634   -0.37806417   -0.21620926
 C                  1.73009384   -0.95904642    0.51839302
 C                 -0.00408746    0.66409281    0.87715362
 C                  2.56952536   -2.01938368   -0.13106556
 O                  3.82978287   -2.56246963    0.46129730
 O                  2.24625820   -2.40642089   -1.25882787
 C                  4.82150113   -3.58134218   -0.16919166
 C                 -1.24508507    1.51949368    0.60355476
 C                 -1.47877799    2.42402993    1.83995911
 C                 -2.71578727    3.31740361    1.63778422
 C                 -2.92989766    4.21072556    2.88246192
 C                 -4.17291094    5.09896612    2.66290169
 C                 -4.40218780    5.99708441    3.89443464
 C                  5.89109139   -3.87871133    0.91632828
 C                  6.53438655   -2.63893349    1.46205775
 O                  7.56855977   -2.75868216    2.39126719
 O                  6.20228305   -1.52413833    1.04778332
 C                  4.31951674   -5.04615225   -0.55747682
 C                  3.23128100   -5.02156215   -1.64092587
 C                  2.70869922   -6.39278162   -2.05675140
 C                  1.64386045   -6.11010891   -3.13643884
 C                  1.01560999   -7.40317634   -3.66319061
 C                 -0.03096320   -7.03032031   -4.73153538
 C                 -0.68721637   -8.30404045   -5.28758015
 H                 -0.22820923   -1.18262269   -0.38168415
 H                  5.33761704   -3.14097191   -1.03502788
 H                 -2.91313346   -0.06044222   -4.03373360
 H                 -1.71467963   -0.27110783   -2.00591800
 H                  0.54934605    0.98497175   -3.47754228
 H                 -2.94968933    1.78597826   -2.11916013
 H                 -1.14729639    2.37576187   -4.40007933
 H                 -3.35042230    4.10569728   -2.95062857
 H                 -1.59763191    4.35917539   -3.12526539
 H                 -2.31213447    4.16702985   -1.50659851
 H                 -4.03525526    1.91720713   -4.49068573
 H                 -0.41724465    0.63866057   -5.40642014
 H                 -1.52539383   -2.11683397   -3.39810184
 H                  2.39346392   -0.12022491    0.72914819
 H                  1.36554597   -1.37908065    1.45582355
 H                 -0.20761542    0.09509950    1.78430422
 H                  0.82030205    1.35395544    1.05762881
 H                 -1.08308048    2.13541932   -0.28103002
 H                 -2.11099795    0.87656306    0.44564618
 H                 -1.63107942    1.79642267    2.71803263
 H                 -0.60316153    3.05527820    1.99135683
 H                 -2.56628752    3.94844202    0.76169132
 H                 -3.59420572    2.68958548    1.48836634
 H                 -3.08158983    3.58237427    3.76010870
 H                 -2.05367150    4.84123007    3.03343459
 H                 -4.01886870    5.72445731    1.78362236
 H                 -5.04678760    4.46560013    2.51029649
 H                 -3.53008776    6.63252676    4.04876994
 H                 -4.55770205    5.37404160    4.77522930
 H                  5.41270570   -4.41181810    1.73793905
 H                  6.66589569   -4.50705297    0.47705228
 H                  5.16871242   -5.62106661   -0.92685275
 H                  3.91552358   -5.52583433    0.33403483
 H                  2.39080973   -4.43913884   -1.26344616
 H                  3.64399947   -4.53437291   -2.52433398
 H                  3.51539452   -7.00104262   -2.46584960
 H                  2.26220430   -6.90580917   -1.20496235
 H                  0.86044849   -5.48679866   -2.70533732
 H                  2.11363799   -5.58203180   -3.96622429
 H                  1.78637447   -8.03378381   -4.10631259
 H                  0.53318465   -7.93855001   -2.84542496
 H                 -0.79557511   -6.39637998   -4.28255074
 H                  0.45761473   -6.49161256   -5.54343792
 H                 -1.17739516   -8.84414885   -4.47753582
 H                  0.07542400   -8.93935382   -5.73805025
 C                 -1.73068037   -7.92137191   -6.35357623
 H                 -2.47988925   -7.29817375   -5.91175036
 H                 -1.24991244   -7.39164286   -7.14928304
 C                 -2.38778963   -9.19805669   -6.91024795
 H                 -1.63858005   -9.82125448   -7.35207316
 H                 -2.86855775   -9.72778584   -6.11454132
 C                 -3.43125364   -8.81538815   -7.97624404
 H                 -2.95048530   -8.28565880   -8.77195041
 H                 -4.18046298   -8.19219027   -7.53441854
 C                 -4.08836290  -10.09207292   -8.53291575
 H                 -4.56015510  -10.62719092   -7.73544422
 H                 -4.82080866   -9.82565602   -9.26602232
 H                 -3.34068763  -10.71041869   -8.98405897
 C                 -5.64405567    6.87816865    3.66409843
 H                 -6.50056139    6.25487018    3.51311176
 H                 -5.49168383    7.49040954    2.79989711
 C                 -5.87249667    7.77516718    4.89487393
 H                 -6.02486823    7.16292604    5.75907513
 H                 -5.01599073    8.39846540    5.04586039
 C                 -7.11436453    8.65625141    4.66453772
 H                 -6.96199236    9.26849181    3.80033612
 H                 -7.97087063    8.03295338    4.51355138
 C                 -7.34280553    9.55324994    5.89531323
 H                 -8.20405596   10.16739314    5.73414307
 H                 -7.49790817    8.94099425    6.75901812
 H                 -6.48517433   10.17460142    6.04792734

